001001
110001
000000
111001
001001
110001
000000
111001
001001
110001
000000
111001
001001
110001
000000
111001
001001
110001
000000
111001
001001
110001
000000
111001
001001
110001
000000
111001
001001
110001
000000
111001
002001
110001
000000
111001
002010
110001
000000
111001
002010
220001
000000
111001
002010
220002
000000
111001
002010
220002
001000
111001
002010
220002
001000
111001
002010
220002
001000
222001
002010
220002
001000
222002
002010
220002
001000
222002
002010
220002
001000
222002
002010
220002
001000
222002
002010
220002
001000
222002
002010
220002
001000
222002
002010
220002
001000
222002
002010
220002
001000
222002
002010
220002
001000
222002
003010
220002
001000
222002
003120
220002
001000
222002
003120
331002
001000
222002
003120
331103
001000
222002
003120
331103
002000
222002
003120
331103
002000
222002
003120
331103
002000
303002
003120
331103
002000
303003
003120
331103
002000
303003
003120
331103
002000
303003
003120
331103
002000
303003
003120
331103
002000
303003
003120
331103
002000
303003
003120
331103
002000
303003
003120
331103
002000
303003
003120
331103
002000
303003
000120
331103
002000
303003
000000
331103
002000
303003
000000
400103
002000
303003
000000
400004
002000
303003
000000
400004
000000
303003
000000
400004
000010
303003
000000
400004
000010
004003
000000
400004
000010
004014
000000
400004
000010
004014
000000
400004
000010
004014
000000
400004
000010
004014
000000
400004
000010
004014
000000
400004
000010
004014
000000
400004
000010
004014
000000
400004
000010
004014
000000
400004
000010
004014
100000
400004
000010
004014
100010
400004
000010
004014
100010
000004
000010
004014
100010
000005
000010
004014
100010
000005
100010
004014
100010
000005
100120
004014
100010
000005
100120
000014
100010
000005
100120
000125
100010
000005
100120
000125
100010
000005
100120
000125
100010
000005
100120
000125
100010
000005
100120
000125
100010
000005
100120
000125
100010
000005
100120
000125
100010
000005
100120
000125
100010
000005
100120
000125
200010
000005
100120
000125
200100
000005
100120
000125
200100
100005
100120
000125
200100
100100
100120
000125
200100
100100
200120
000125
200100
100100
200200
000125
200100
100100
200200
100125
200100
100100
200200
100000
200100
100100
200200
100000
200100
100100
200200
100000
200100
100100
200200
100000
200100
100100
200200
100000
200100
100100
200200
100000
200100
100100
200200
100000
200100
100100
200200
100000
200100
100100
200200
100000
310100
100100
200200
100000
310001
100100
200200
100000
310001
211100
200200
100000
310001
211211
200200
100000
310001
211211
310200
100000
310001
211211
310001
100000
310001
211211
310001
210000
310001
211211
310001
210001
310001
211211
310001
210001
310001
211211
310001
210001
310001
211211
310001
210001
310001
211211
310001
210001
310001
211211
310001
210001
310001
211211
310001
210001
310001
211211
310001
210001
310001
211211
310001
210001
000001
211211
310001
210001
000100
211211
310001
210001
000100
000211
310001
210001
000100
000300
310001
210001
000100
000300
000001
210001
000100
000300
000100
210001
000100
000300
000100
001001
000100
000300
000100
001010
000100
000300
000100
001010
000100
000300
000100
001010
000100
000300
000100
001010
000100
000300
000100
001010
000100
000300
000100
001010
000100
000300
000100
001010
000100
000300
000100
001010
000100
000300
000100
001010
001100
000300
000100
001010
001210
000300
000100
001010
001210
001300
000100
001010
001210
001410
000100
001010
001210
001410
001100
001010
001210
001410
001210
001010
001210
001410
001210
002010
001210
001410
001210
002020
001210
001410
001210
002020
001210
001410
001210
002020
001210
001410
001210
002020
001210
001410
001210
002020
001210
001410
001210
002020
001210
001410
001210
002020
001210
001410
001210
002020
001210
001410
001210
002020
010210
001410
001210
002020
010001
001410
001210
002020
010001
010410
001210
002020
010001
010001
001210
002020
010001
010001
010210
002020
010001
010001
010001
002020
010001
010001
010001
010020
010001
010001
010001
010001
010001
010001
010001
010001
010001
010001
010001
010001
010001
010001
010001
010001
010001
010001
010001
010001
010001
010001
010001
010001
010001
010001
010001
010001
010001
010001
010001
010001
010001
010001
010001
010001
021001
010001
010001
010001
021012
010001
010001
010001
021012
021001
010001
010001
021012
021012
010001
010001
021012
021012
021001
010001
021012
021012
021012
010001
021012
021012
021012
021001
021012
021012
021012
021012
021012
021012
021012
021012
